59_Level_7_6_5_Trial_0_Move_0

4,1,2,2,3,2
3,0,3,1,4,0
1,2,4,0,1,3
0,0,1,3,4,1
4,2,4,2,0,3
2,0,0,3,1,4
4,3,4,1,2,3

59_Level_7_6_5_Trial_0_Move_1

4,1,0,1,2,3
3,0,3,1,4,0
1,2,4,0,1,3
0,0,1,3,4,1
4,2,4,2,0,3
2,0,0,3,1,4
4,3,4,1,2,3

59_Level_7_6_5_Trial_0_Move_2

4,1,0,0,2,3
3,0,3,1,4,0
1,2,4,2,0,3
0,0,1,3,4,1
4,2,4,2,0,3
2,0,0,3,1,4
4,3,4,1,2,3

59_Level_7_6_5_Trial_0_Move_3

4,0,1,2,2,3
3,1,3,1,4,0
1,2,4,2,0,3
0,0,1,3,4,1
4,2,4,2,0,3
2,0,0,3,1,4
4,3,4,1,2,3

59_Level_7_6_5_Trial_1_Move_0

2,1,4,3,4,2
3,4,0,2,1,1
4,0,3,4,3,1
2,3,4,0,2,2
1,2,4,1,4,0
1,0,3,2,2,1
2,3,1,4,1,4

59_Level_7_6_5_Trial_1_Move_1

2,1,0,3,4,2
3,4,1,2,1,1
4,0,2,3,3,1
2,3,4,0,2,2
1,2,0,1,4,0
1,0,3,2,2,1
2,3,1,4,1,4

59_Level_7_6_5_Trial_1_Move_2

2,1,0,0,1,2
3,4,2,3,4,2
4,0,2,3,3,1
2,3,4,0,2,2
1,2,0,1,4,0
1,0,3,2,2,1
2,3,1,4,1,4

59_Level_7_6_5_Trial_1_Move_3

2,1,0,0,1,0
3,4,2,3,4,1
4,0,2,3,3,2
2,3,4,0,2,1
1,2,0,1,4,0
1,0,3,2,2,1
2,3,1,4,1,4

59_Level_7_6_5_Trial_2_Move_0

3,4,1,4,2,0
0,1,2,1,0,3
3,4,3,4,2,2
2,1,2,3,1,2
2,0,4,1,4,3
3,1,4,0,4,0
3,2,0,3,3,1

59_Level_7_6_5_Trial_2_Move_1

3,0,1,2,2,0
0,4,2,4,0,3
3,4,3,4,2,2
2,1,2,3,1,2
2,0,4,1,4,3
3,1,4,0,4,0
3,2,0,3,3,1

59_Level_7_6_5_Trial_2_Move_2

3,0,0,1,2,0
0,4,1,4,0,3
3,4,3,4,2,2
2,1,2,3,1,2
2,0,4,1,4,3
3,1,4,0,4,0
3,2,0,3,3,1

59_Level_7_6_5_Trial_2_Move_3

0,1,2,1,2,0
3,4,1,4,0,3
3,4,3,4,2,2
2,1,2,3,1,2
2,0,4,1,4,3
3,1,4,0,4,0
3,2,0,3,3,1

59_Level_7_6_5_Trial_3_Move_0

1,2,4,3,2,1
3,4,4,1,2,3
1,1,2,1,3,3
0,2,3,0,4,1
4,0,1,2,2,4
2,3,0,4,1,3
4,4,2,3,0,3

59_Level_7_6_5_Trial_3_Move_1

0,1,2,3,2,1
1,2,4,1,2,3
3,4,4,2,3,3
0,2,3,0,4,1
4,0,1,2,2,4
2,3,0,4,1,3
4,4,2,3,0,3

59_Level_7_6_5_Trial_3_Move_2

0,1,2,3,0,1
1,2,4,1,1,3
3,4,4,3,2,3
0,2,3,0,4,1
4,0,1,2,2,4
2,3,0,4,1,3
4,4,2,3,0,3

59_Level_7_6_5_Trial_3_Move_3

0,1,2,0,1,2
1,2,4,3,0,3
3,4,4,3,2,3
0,2,3,0,4,1
4,0,1,2,2,4
2,3,0,4,1,3
4,4,2,3,0,3

59_Level_7_6_5_Trial_4_Move_0

1,3,0,4,4,1
1,1,0,2,1,3
3,2,4,1,0,3
2,0,3,0,2,1
0,1,3,2,4,0
2,4,0,4,1,1
2,1,1,3,0,3

59_Level_7_6_5_Trial_4_Move_1

0,3,0,4,4,1
1,1,0,2,1,3
2,2,4,1,0,3
1,0,3,0,2,1
1,1,3,2,4,0
3,4,0,4,1,1
0,1,1,3,0,3

59_Level_7_6_5_Trial_4_Move_2

0,3,0,4,4,1
1,1,0,2,1,3
2,2,4,1,0,3
0,0,3,0,2,1
2,1,3,2,4,0
3,4,0,4,1,1
0,1,1,3,0,3

59_Level_7_6_5_Trial_4_Move_3

0,1,2,4,4,1
0,3,0,2,1,3
1,1,0,1,0,3
2,2,4,3,2,1
2,1,3,2,4,0
3,4,0,4,1,1
0,1,1,3,0,3

59_Level_7_6_5_Trial_5_Move_0

1,4,3,3,0,3
3,0,2,4,0,2
0,1,4,3,1,2
3,2,1,2,4,3
4,3,4,0,3,3
0,0,1,2,1,2
3,0,2,4,0,0

59_Level_7_6_5_Trial_5_Move_1

1,4,0,1,2,0
3,0,2,4,0,2
0,1,4,3,1,2
3,2,1,2,4,3
4,3,4,0,3,3
0,0,1,2,1,2
3,0,2,4,0,0

59_Level_7_6_5_Trial_5_Move_2

1,4,0,1,0,0
3,0,2,4,0,1
0,1,4,3,1,2
3,2,1,2,4,3
4,3,4,0,3,3
0,0,1,2,1,2
3,0,2,4,0,0

59_Level_7_6_5_Trial_5_Move_3

1,4,1,0,1,2
3,0,2,4,0,1
0,1,4,3,1,2
3,2,1,2,4,3
4,3,4,0,3,3
0,0,1,2,1,2
3,0,2,4,0,0

59_Level_7_6_5_Trial_6_Move_0

2,4,1,4,3,3
1,2,3,0,1,0
3,2,0,4,3,1
0,1,4,1,2,4
1,3,2,3,4,0
4,3,1,4,1,2
2,0,4,2,0,0

59_Level_7_6_5_Trial_6_Move_1

4,0,1,4,3,3
1,1,3,0,1,0
3,2,0,4,3,1
0,1,4,1,2,4
1,3,2,3,4,0
4,3,1,4,1,2
2,0,4,2,0,0

59_Level_7_6_5_Trial_6_Move_2

0,1,2,4,3,3
4,0,3,0,1,0
3,2,0,4,3,1
0,1,4,1,2,4
1,3,2,3,4,0
4,3,1,4,1,2
2,0,4,2,0,0

59_Level_7_6_5_Trial_6_Move_3

0,0,1,2,3,3
4,1,2,4,1,0
3,2,3,4,3,1
0,1,4,1,2,4
1,3,2,3,4,0
4,3,1,4,1,2
2,0,4,2,0,0

59_Level_7_6_5_Trial_7_Move_0

2,0,4,1,3,4
4,1,3,0,1,3
0,0,3,3,0,4
4,1,2,4,1,1
3,1,0,4,2,2
2,2,3,1,0,3
1,4,0,3,4,4

59_Level_7_6_5_Trial_7_Move_1

2,0,4,1,3,4
4,1,3,0,1,3
0,2,3,3,0,4
4,0,2,4,1,1
3,0,0,4,2,2
2,2,3,1,0,3
1,4,0,3,4,4

59_Level_7_6_5_Trial_7_Move_2

2,0,4,1,3,4
4,1,3,0,1,3
2,2,3,3,0,4
4,0,2,4,1,1
3,1,0,4,2,2
2,2,3,1,0,3
1,4,0,3,4,4

59_Level_7_6_5_Trial_7_Move_3

0,1,2,1,3,4
2,0,4,0,1,3
4,1,3,3,0,4
4,0,3,4,1,1
3,1,0,4,2,2
2,2,3,1,0,3
1,4,0,3,4,4

59_Level_7_6_5_Trial_8_Move_0

0,4,1,3,4,1
1,1,3,2,4,2
2,4,0,0,1,3
0,1,1,4,2,1
3,2,0,4,0,4
4,3,1,1,3,3
4,2,0,1,3,1

59_Level_7_6_5_Trial_8_Move_1

0,1,2,3,4,1
0,4,3,2,4,2
2,4,0,0,1,3
0,1,1,4,2,1
3,2,0,4,0,4
4,3,1,1,3,3
4,2,0,1,3,1

59_Level_7_6_5_Trial_8_Move_2

0,1,2,3,4,1
1,4,3,2,4,2
2,4,0,0,1,3
2,1,1,4,2,1
3,2,0,4,0,4
4,3,1,1,3,3
4,2,0,1,3,1

59_Level_7_6_5_Trial_8_Move_3

0,1,2,3,4,1
1,4,3,2,4,2
2,4,0,0,1,3
0,1,1,4,2,1
1,3,0,4,0,4
4,3,1,1,3,3
4,2,0,1,3,1

59_Level_7_6_5_Trial_9_Move_0

4,1,0,0,1,2
1,0,3,4,3,0
2,2,3,1,1,3
1,0,4,0,4,2
4,1,2,1,4,0
0,2,0,3,3,2
4,3,1,2,1,4

59_Level_7_6_5_Trial_9_Move_1

4,0,1,2,1,2
1,1,3,4,3,0
2,2,3,1,1,3
1,0,4,0,4,2
4,1,2,1,4,0
0,2,0,3,3,2
4,3,1,2,1,4

59_Level_7_6_5_Trial_9_Move_2

0,1,2,2,1,2
4,0,3,4,3,0
2,2,3,1,1,3
1,0,4,0,4,2
4,1,2,1,4,0
0,2,0,3,3,2
4,3,1,2,1,4

59_Level_7_6_5_Trial_9_Move_3

0,1,0,1,2,1
4,0,3,4,3,0
2,2,3,1,1,3
1,0,4,0,4,2
4,1,2,1,4,0
0,2,0,3,3,2
4,3,1,2,1,4

59_Level_7_6_5_Trial_10_Move_0

2,2,1,0,4,2
2,4,1,3,3,2
1,3,4,1,0,1
3,2,0,3,2,3
4,1,2,4,4,1
1,0,0,2,3,3
2,2,4,1,3,4

59_Level_7_6_5_Trial_10_Move_1

2,2,0,0,4,2
2,4,1,3,3,2
1,3,2,4,0,1
3,2,0,3,2,3
4,1,2,4,4,1
1,0,0,2,3,3
2,2,4,1,3,4

59_Level_7_6_5_Trial_10_Move_2

2,2,0,0,4,2
2,4,1,3,3,2
1,3,2,4,0,1
3,0,0,3,2,3
4,1,1,4,4,1
1,0,0,2,3,3
2,2,4,1,3,4

59_Level_7_6_5_Trial_10_Move_3

0,1,2,0,4,2
2,2,0,3,3,2
2,4,1,4,0,1
1,3,2,3,2,3
3,0,0,4,4,1
4,0,0,2,3,3
2,2,4,1,3,4

59_Level_7_6_5_Trial_11_Move_0

1,1,0,0,2,4
4,2,4,3,0,2
0,2,0,1,1,3
4,1,3,0,1,4
2,4,1,2,4,3
3,0,3,1,0,2
1,0,4,2,3,4

59_Level_7_6_5_Trial_11_Move_1

1,1,0,1,2,4
4,2,4,3,2,2
0,2,0,1,1,3
4,1,3,0,1,4
2,4,1,2,4,3
3,0,3,1,0,2
1,0,4,2,3,4

59_Level_7_6_5_Trial_11_Move_2

0,1,2,0,2,4
4,2,4,3,2,2
0,2,0,1,1,3
4,1,3,0,1,4
2,4,1,2,4,3
3,0,3,1,0,2
1,0,4,2,3,4

59_Level_7_6_5_Trial_11_Move_3

0,0,1,0,2,4
4,1,4,3,2,2
0,2,0,1,1,3
4,1,3,0,1,4
2,4,1,2,4,3
3,0,3,1,0,2
1,0,4,2,3,4

59_Level_7_6_5_Trial_12_Move_0

2,4,1,3,4,1
4,2,1,0,2,3
0,1,2,3,0,2
1,3,4,4,3,1
3,3,4,2,0,0
4,1,1,2,2,4
0,1,3,3,0,4

59_Level_7_6_5_Trial_12_Move_1

2,4,0,3,4,1
4,2,1,0,2,3
0,2,2,3,0,2
1,3,4,4,3,1
3,3,4,2,0,0
4,1,1,2,2,4
0,1,3,3,0,4

59_Level_7_6_5_Trial_12_Move_2

4,0,0,3,4,1
4,1,1,0,2,3
0,2,2,3,0,2
1,3,4,4,3,1
3,3,4,2,0,0
4,1,1,2,2,4
0,1,3,3,0,4

59_Level_7_6_5_Trial_12_Move_3

4,0,1,2,4,1
4,1,1,3,2,3
0,2,2,3,0,2
1,3,4,4,3,1
3,3,4,2,0,0
4,1,1,2,2,4
0,1,3,3,0,4

59_Level_7_6_5_Trial_13_Move_0

1,0,1,3,0,0
3,2,4,0,3,1
0,2,0,4,1,4
3,1,3,2,0,3
1,0,4,4,3,1
0,0,4,1,0,2
4,3,3,2,1,3

59_Level_7_6_5_Trial_13_Move_1

1,0,1,0,1,2
3,2,4,3,3,1
0,2,0,4,1,4
3,1,3,2,0,3
1,0,4,4,3,1
0,0,4,1,0,2
4,3,3,2,1,3

59_Level_7_6_5_Trial_13_Move_2

1,0,1,0,0,2
3,2,4,3,1,3
0,2,0,4,2,4
3,1,3,2,0,3
1,0,4,4,3,1
0,0,4,1,0,2
4,3,3,2,1,3

59_Level_7_6_5_Trial_13_Move_3

1,1,0,1,2,2
3,2,4,3,1,3
0,2,0,4,2,4
3,1,3,2,0,3
1,0,4,4,3,1
0,0,4,1,0,2
4,3,3,2,1,3

59_Level_7_6_5_Trial_14_Move_0

1,0,1,1,2,4
0,4,3,4,0,2
1,2,0,3,1,3
4,3,1,0,2,0
0,2,4,2,3,0
4,0,3,0,3,1
1,4,2,4,2,1

59_Level_7_6_5_Trial_14_Move_1

0,0,1,2,2,4
0,4,3,4,0,2
1,2,0,3,1,3
4,3,1,0,2,0
0,2,4,2,3,0
4,0,3,0,3,1
1,4,2,4,2,1

59_Level_7_6_5_Trial_14_Move_2

0,0,1,0,1,2
0,4,3,4,0,4
1,2,0,3,1,3
4,3,1,0,2,0
0,2,4,2,3,0
4,0,3,0,3,1
1,4,2,4,2,1

59_Level_7_6_5_Trial_14_Move_3

0,1,2,1,1,2
0,4,3,4,0,4
1,2,0,3,1,3
4,3,1,0,2,0
0,2,4,2,3,0
4,0,3,0,3,1
1,4,2,4,2,1

59_Level_7_6_5_Trial_15_Move_0

4,1,4,1,2,2
2,3,2,3,0,4
3,0,1,1,4,2
2,4,3,2,0,3
0,1,1,3,4,0
0,4,4,2,2,1
4,3,3,0,1,4

59_Level_7_6_5_Trial_15_Move_1

0,1,2,1,2,2
4,1,4,3,0,4
2,3,2,1,4,2
3,0,1,2,0,3
2,4,3,3,4,0
0,1,1,2,2,1
0,3,3,0,1,4

59_Level_7_6_5_Trial_15_Move_2

0,1,1,0,1,2
4,1,4,3,0,4
2,3,2,1,4,2
3,0,1,2,0,3
2,4,3,3,4,0
0,1,1,2,2,1
0,3,3,0,1,4

59_Level_7_6_5_Trial_15_Move_3

0,0,1,2,0,2
4,1,4,3,0,4
2,3,2,1,4,2
3,0,1,2,0,3
2,4,3,3,4,0
0,1,1,2,2,1
0,3,3,0,1,4

59_Level_7_6_5_Trial_16_Move_0

4,1,4,2,1,0
2,1,0,1,0,4
4,4,0,3,3,0
3,2,1,3,1,4
0,3,1,2,2,1
0,4,0,2,3,0
3,1,3,0,3,2

59_Level_7_6_5_Trial_16_Move_1

4,1,4,2,1,0
2,1,0,1,4,1
4,4,0,3,3,2
3,2,1,3,1,4
0,3,1,2,2,1
0,4,0,2,3,0
3,1,3,0,3,2

59_Level_7_6_5_Trial_16_Move_2

4,1,4,0,1,2
2,1,0,2,4,0
4,4,0,3,3,2
3,2,1,3,1,4
0,3,1,2,2,1
0,4,0,2,3,0
3,1,3,0,3,2

59_Level_7_6_5_Trial_16_Move_3

4,1,0,4,1,2
2,1,1,2,4,0
4,4,2,3,3,2
3,2,1,3,1,4
0,3,1,2,2,1
0,4,0,2,3,0
3,1,3,0,3,2

59_Level_7_6_5_Trial_17_Move_0

2,0,1,4,0,0
1,1,0,2,1,4
2,3,4,1,3,2
4,0,1,0,4,4
0,2,3,3,1,0
3,1,0,4,1,0
2,3,0,2,3,2

59_Level_7_6_5_Trial_17_Move_1

0,1,2,4,0,0
2,0,0,2,1,4
2,3,4,1,3,2
4,0,1,0,4,4
0,2,3,3,1,0
3,1,0,4,1,0
2,3,0,2,3,2

59_Level_7_6_5_Trial_17_Move_2

0,1,2,4,0,0
2,1,2,2,1,4
2,3,4,1,3,2
4,0,1,0,4,4
0,2,3,3,1,0
3,1,0,4,1,0
2,3,0,2,3,2

59_Level_7_6_5_Trial_17_Move_3

0,0,1,2,0,0
1,1,2,4,1,4
2,3,4,1,3,2
4,0,1,0,4,4
0,2,3,3,1,0
3,1,0,4,1,0
2,3,0,2,3,2

59_Level_7_6_5_Trial_18_Move_0

4,1,4,2,1,3
2,2,0,3,0,4
3,1,3,3,4,0
2,4,4,1,2,1
1,3,3,2,2,1
0,3,0,4,0,4
1,2,2,4,1,0

59_Level_7_6_5_Trial_18_Move_1

4,0,1,2,1,3
2,1,4,2,0,4
1,2,0,3,4,0
2,4,4,1,2,1
1,3,3,2,2,1
0,3,0,4,0,4
1,2,2,4,1,0

59_Level_7_6_5_Trial_18_Move_2

4,0,1,2,1,3
0,1,4,2,0,4
1,1,0,3,4,0
2,4,4,1,2,1
1,3,3,2,2,1
0,3,0,4,0,4
1,2,2,4,1,0

59_Level_7_6_5_Trial_18_Move_3

4,0,0,2,1,3
0,1,4,2,0,4
1,2,0,3,4,0
2,4,4,1,2,1
1,3,3,2,2,1
0,3,0,4,0,4
1,2,2,4,1,0

59_Level_7_6_5_Trial_19_Move_0

4,0,4,2,0,1
3,0,3,1,3,4
0,1,3,4,3,4
4,1,0,2,1,0
4,0,4,2,2,1
0,3,1,4,0,0
1,2,1,3,2,1

59_Level_7_6_5_Trial_19_Move_1

4,0,4,2,0,1
3,1,3,1,3,4
1,2,3,4,3,4
4,1,0,2,1,0
4,0,4,2,2,1
0,3,1,4,0,0
1,2,1,3,2,1

59_Level_7_6_5_Trial_19_Move_2

4,0,4,2,0,1
3,1,3,1,3,4
2,2,3,4,3,4
4,0,0,2,1,0
4,0,4,2,2,1
0,3,1,4,0,0
1,2,1,3,2,1

59_Level_7_6_5_Trial_19_Move_3

4,0,4,2,0,1
3,1,3,1,3,4
2,2,3,4,3,4
4,0,0,2,1,0
4,1,4,2,2,1
3,2,1,4,0,0
1,2,1,3,2,1

59_Level_7_6_5_Trial_20_Move_0

4,1,1,4,3,4
3,2,3,2,0,2
3,4,1,1,3,4
0,0,2,2,4,0
4,3,4,3,3,1
1,0,2,4,0,2
3,3,1,0,0,4

59_Level_7_6_5_Trial_20_Move_1

4,1,0,1,2,4
3,2,1,4,3,2
3,4,3,2,0,4
0,0,1,1,3,0
4,4,2,2,4,1
1,0,2,4,0,2
3,3,1,0,0,4

59_Level_7_6_5_Trial_20_Move_2

4,0,1,2,2,4
3,2,0,4,3,2
3,4,3,2,0,4
0,0,1,1,3,0
4,4,2,2,4,1
1,0,2,4,0,2
3,3,1,0,0,4

59_Level_7_6_5_Trial_20_Move_3

4,0,1,0,1,2
3,2,0,4,3,4
3,4,3,2,0,4
0,0,1,1,3,0
4,4,2,2,4,1
1,0,2,4,0,2
3,3,1,0,0,4

59_Level_7_6_5_Trial_21_Move_0

1,3,0,3,4,1
4,2,4,3,2,3
4,0,4,1,4,0
2,3,2,0,3,4
4,3,1,0,1,3
1,2,4,3,4,1
0,0,2,1,3,4

59_Level_7_6_5_Trial_21_Move_1

1,3,0,3,4,1
0,2,4,3,2,3
1,0,4,1,4,0
2,3,2,0,3,4
2,3,1,0,1,3
1,2,4,3,4,1
0,0,2,1,3,4

59_Level_7_6_5_Trial_21_Move_2

0,3,0,3,4,1
1,2,4,3,2,3
2,0,4,1,4,0
1,3,2,0,3,4
0,3,1,0,1,3
1,1,4,3,4,1
0,0,2,1,3,4

59_Level_7_6_5_Trial_21_Move_3

0,1,2,3,4,1
0,3,0,3,2,3
1,2,4,1,4,0
2,0,4,0,3,4
1,3,2,0,1,3
0,3,4,3,4,1
0,0,2,1,3,4

59_Level_7_6_5_Trial_22_Move_0

3,3,1,4,4,0
3,1,0,2,1,1
0,2,0,4,4,2
3,4,1,3,0,1
1,3,1,2,4,0
2,0,0,3,1,3
1,2,0,4,1,1

59_Level_7_6_5_Trial_22_Move_1

0,3,1,4,4,0
1,1,0,2,1,1
2,2,0,4,4,2
0,4,1,3,0,1
1,3,1,2,4,0
2,0,0,3,1,3
1,2,0,4,1,1

59_Level_7_6_5_Trial_22_Move_2

0,1,2,4,4,0
0,3,0,2,1,1
2,2,0,4,4,2
0,4,1,3,0,1
1,3,1,2,4,0
2,0,0,3,1,3
1,2,0,4,1,1

59_Level_7_6_5_Trial_22_Move_3

0,1,2,4,4,0
1,3,0,2,1,1
2,2,0,4,4,2
2,4,1,3,0,1
1,3,1,2,4,0
2,0,0,3,1,3
1,2,0,4,1,1

59_Level_7_6_5_Trial_23_Move_0

0,3,2,4,4,1
1,0,1,0,2,0
3,4,2,4,3,1
0,4,1,1,4,2
0,2,0,3,3,1
4,1,4,2,4,1
3,2,0,1,0,2

59_Level_7_6_5_Trial_23_Move_1

0,3,2,4,4,0
1,0,1,0,2,1
3,4,2,4,3,2
0,4,1,1,4,1
0,2,0,3,3,0
4,1,4,2,4,2
3,2,0,1,0,2

59_Level_7_6_5_Trial_23_Move_2

0,3,0,1,2,0
1,0,2,4,4,1
3,4,1,0,2,2
0,4,2,4,3,4
0,2,0,3,3,0
4,1,4,2,4,2
3,2,0,1,0,2

59_Level_7_6_5_Trial_23_Move_3

0,1,2,1,2,0
1,3,2,4,4,1
3,4,1,0,2,2
0,4,2,4,3,4
0,2,0,3,3,0
4,1,4,2,4,2
3,2,0,1,0,2

59_Level_7_6_5_Trial_24_Move_0

3,0,4,3,3,1
0,4,4,2,0,2
1,3,0,1,0,1
0,2,4,3,2,4
3,1,3,4,1,3
4,2,1,0,4,3
3,4,3,0,1,0

59_Level_7_6_5_Trial_24_Move_1

3,0,0,3,3,1
0,4,1,2,0,2
1,3,2,1,0,1
0,2,0,3,2,4
3,1,3,4,1,3
4,2,1,0,4,3
3,4,3,0,1,0

59_Level_7_6_5_Trial_24_Move_2

0,1,2,3,3,1
3,4,1,2,0,2
1,3,2,1,0,1
0,2,0,3,2,4
3,1,3,4,1,3
4,2,1,0,4,3
3,4,3,0,1,0

59_Level_7_6_5_Trial_24_Move_3

0,1,0,3,3,1
3,4,1,1,0,2
1,3,2,1,0,1
0,2,0,3,2,4
3,1,3,4,1,3
4,2,1,0,4,3
3,4,3,0,1,0

59_Level_7_6_5_Trial_25_Move_0

2,3,0,1,4,2
2,2,1,2,0,2
3,4,4,2,3,1
3,2,1,3,4,1
4,1,0,4,2,0
2,4,0,0,2,3
2,3,3,4,4,1

59_Level_7_6_5_Trial_25_Move_1

0,1,2,1,4,2
2,3,0,1,0,2
3,4,4,2,3,1
3,2,1,3,4,1
4,1,0,4,2,0
2,4,0,0,2,3
2,3,3,4,4,1

59_Level_7_6_5_Trial_25_Move_2

0,1,2,1,4,2
0,2,0,1,0,2
1,4,4,2,3,1
2,2,1,3,4,1
4,1,0,4,2,0
2,4,0,0,2,3
2,3,3,4,4,1

59_Level_7_6_5_Trial_25_Move_3

0,1,2,1,4,2
1,2,0,1,0,2
2,4,4,2,3,1
0,2,1,3,4,1
0,1,0,4,2,0
1,4,0,0,2,3
4,3,3,4,4,1

59_Level_7_6_5_Trial_26_Move_0

1,0,0,2,0,4
4,4,2,3,0,4
3,1,0,4,1,2
3,4,1,2,1,3
1,2,3,0,0,4
0,4,3,2,0,1
0,0,4,1,3,3

59_Level_7_6_5_Trial_26_Move_1

1,0,1,2,2,4
4,4,2,3,0,4
3,1,0,4,1,2
3,4,1,2,1,3
1,2,3,0,0,4
0,4,3,2,0,1
0,0,4,1,3,3

59_Level_7_6_5_Trial_26_Move_2

1,0,0,1,2,4
4,4,1,3,0,4
3,1,0,4,1,2
3,4,1,2,1,3
1,2,3,0,0,4
0,4,3,2,0,1
0,0,4,1,3,3

59_Level_7_6_5_Trial_26_Move_3

1,0,0,1,2,4
4,4,1,3,0,4
3,0,2,4,1,2
3,4,0,2,1,3
1,2,3,0,0,4
0,4,3,2,0,1
0,0,4,1,3,3

59_Level_7_6_5_Trial_27_Move_0

3,3,1,4,3,4
0,2,1,0,2,1
1,3,3,4,2,2
2,2,3,1,4,0
4,1,4,0,2,3
2,1,2,0,1,2
4,3,3,1,4,4

59_Level_7_6_5_Trial_27_Move_1

3,3,1,4,0,4
0,2,1,0,1,1
1,3,3,4,2,2
2,2,3,1,3,0
4,1,4,0,4,3
2,1,2,0,1,2
4,3,3,1,4,4

59_Level_7_6_5_Trial_27_Move_2

3,3,1,0,1,2
0,2,0,4,0,4
1,3,3,4,2,2
2,2,3,1,3,0
4,1,4,0,4,3
2,1,2,0,1,2
4,3,3,1,4,4

59_Level_7_6_5_Trial_27_Move_3

3,3,0,1,2,2
0,2,1,4,1,4
1,3,3,4,2,2
2,2,3,1,3,0
4,1,4,0,4,3
2,1,2,0,1,2
4,3,3,1,4,4

59_Level_7_6_5_Trial_28_Move_0

1,4,1,2,4,0
3,0,0,1,3,3
1,3,1,4,0,4
0,0,3,4,1,3
0,1,2,2,3,1
4,3,0,2,4,4
3,2,0,0,1,1

59_Level_7_6_5_Trial_28_Move_1

1,4,0,2,4,0
3,0,1,0,3,3
1,3,2,4,0,4
0,0,3,4,1,3
0,1,2,2,3,1
4,3,0,2,4,4
3,2,0,0,1,1

59_Level_7_6_5_Trial_28_Move_2

1,0,1,2,4,0
3,4,1,2,3,3
1,3,2,4,0,4
0,0,3,4,1,3
0,1,2,2,3,1
4,3,0,2,4,4
3,2,0,0,1,1

59_Level_7_6_5_Trial_28_Move_3

1,0,1,0,4,0
3,4,1,1,3,3
1,3,4,2,0,4
0,0,3,4,1,3
0,1,2,2,3,1
4,3,0,2,4,4
3,2,0,0,1,1

59_Level_7_6_5_Trial_29_Move_0

2,2,0,4,0,1
1,3,0,3,1,4
3,2,1,0,4,0
4,0,4,3,3,2
1,3,4,1,4,2
0,1,3,2,0,3
0,4,0,2,3,3

59_Level_7_6_5_Trial_29_Move_1

2,2,0,4,0,1
1,3,1,3,1,4
3,2,2,1,4,0
4,0,4,3,3,2
1,3,4,1,4,2
0,1,3,2,0,3
0,4,0,2,3,3

59_Level_7_6_5_Trial_29_Move_2

2,2,0,1,2,1
1,3,0,4,0,4
3,2,2,3,4,0
4,0,4,3,3,2
1,3,4,1,4,2
0,1,3,2,0,3
0,4,0,2,3,3

59_Level_7_6_5_Trial_29_Move_3

2,2,0,0,1,2
1,3,0,1,2,1
3,2,2,3,0,0
4,0,4,3,3,2
1,3,4,1,4,2
0,1,3,2,0,3
0,4,0,2,3,3

59_Level_7_6_5_Trial_30_Move_0

0,1,1,0,4,2
0,3,1,4,2,1
4,4,0,1,3,4
3,1,3,4,1,3
0,4,1,0,2,0
2,2,4,3,4,1
1,0,0,2,1,0

59_Level_7_6_5_Trial_30_Move_1

0,1,0,0,4,2
0,3,1,4,2,1
4,4,2,0,3,4
3,1,3,4,1,3
0,4,1,0,2,0
2,2,4,3,4,1
1,0,0,2,1,0

59_Level_7_6_5_Trial_30_Move_2

1,0,1,2,4,2
0,3,1,4,2,1
4,4,2,0,3,4
3,1,3,4,1,3
0,4,1,0,2,0
2,2,4,3,4,1
1,0,0,2,1,0

59_Level_7_6_5_Trial_30_Move_3

1,0,1,0,1,2
0,3,1,4,4,1
4,4,2,0,3,4
3,1,3,4,1,3
0,4,1,0,2,0
2,2,4,3,4,1
1,0,0,2,1,0

59_Level_7_6_5_Trial_31_Move_0

1,0,2,4,3,0
2,3,0,4,2,4
1,3,1,2,1,1
0,0,1,3,0,4
0,2,4,2,1,1
3,1,4,0,3,0
4,3,0,1,3,1

59_Level_7_6_5_Trial_31_Move_1

1,0,2,0,1,2
2,3,0,4,3,0
1,3,2,4,2,4
0,0,1,3,0,4
0,2,4,2,1,1
3,1,4,0,3,0
4,3,0,1,3,1

59_Level_7_6_5_Trial_31_Move_2

1,0,1,2,1,2
2,3,2,4,3,0
1,3,2,4,2,4
0,0,1,3,0,4
0,2,4,2,1,1
3,1,4,0,3,0
4,3,0,1,3,1

59_Level_7_6_5_Trial_31_Move_3

1,0,0,1,1,2
2,3,1,4,3,0
1,3,2,4,2,4
0,0,1,3,0,4
0,2,4,2,1,1
3,1,4,0,3,0
4,3,0,1,3,1

59_Level_7_6_5_Trial_32_Move_0

4,4,2,0,4,4
0,4,2,2,0,1
0,1,1,3,2,3
2,2,3,4,0,2
3,0,0,1,3,4
3,3,2,2,1,3
2,1,4,2,4,1

59_Level_7_6_5_Trial_32_Move_1

4,4,0,1,2,4
0,4,2,0,4,1
0,1,1,3,0,3
2,2,3,4,0,2
3,0,0,1,3,4
3,3,2,2,1,3
2,1,4,2,4,1

59_Level_7_6_5_Trial_32_Move_2

4,4,0,1,0,4
0,4,2,4,1,1
0,1,1,3,2,3
2,2,3,4,2,2
3,0,0,1,3,4
3,3,2,2,1,3
2,1,4,2,4,1

59_Level_7_6_5_Trial_32_Move_3

4,4,0,0,1,2
0,4,2,4,0,4
0,1,1,3,2,3
2,2,3,4,2,2
3,0,0,1,3,4
3,3,2,2,1,3
2,1,4,2,4,1

59_Level_7_6_5_Trial_33_Move_0

1,1,2,0,4,2
4,2,0,0,3,0
4,3,1,3,1,4
3,2,4,4,0,0
1,1,0,4,3,3
2,4,3,2,1,3
2,4,0,0,1,4

59_Level_7_6_5_Trial_33_Move_1

1,1,0,1,2,2
4,2,2,0,4,3
4,3,1,3,1,4
3,2,4,4,0,0
1,1,0,4,3,3
2,4,3,2,1,3
2,4,0,0,1,4

59_Level_7_6_5_Trial_33_Move_2

0,1,2,0,2,2
4,2,2,0,4,3
4,3,1,3,1,4
3,2,4,4,0,0
1,1,0,4,3,3
2,4,3,2,1,3
2,4,0,0,1,4

59_Level_7_6_5_Trial_33_Move_3

0,1,0,0,1,2
4,2,2,0,4,3
4,3,1,3,1,4
3,2,4,4,0,0
1,1,0,4,3,3
2,4,3,2,1,3
2,4,0,0,1,4

59_Level_7_6_5_Trial_34_Move_0

2,0,2,1,1,0
0,4,0,1,4,0
3,1,3,4,4,1
0,4,1,0,1,2
1,3,2,4,2,0
4,2,1,3,3,1
0,3,4,1,4,0

59_Level_7_6_5_Trial_34_Move_1

0,1,2,1,1,0
2,4,2,1,4,0
3,1,3,4,4,1
0,4,1,0,1,2
1,3,2,4,2,0
4,2,1,3,3,1
0,3,4,1,4,0

59_Level_7_6_5_Trial_34_Move_2

0,2,0,1,2,0
2,4,2,1,4,0
3,1,3,4,4,1
0,4,1,0,1,2
1,3,2,4,2,0
4,2,1,3,3,1
0,3,4,1,4,0

59_Level_7_6_5_Trial_34_Move_3

0,1,2,1,2,0
0,4,0,1,4,0
3,1,3,4,4,1
0,4,1,0,1,2
1,3,2,4,2,0
4,2,1,3,3,1
0,3,4,1,4,0

59_Level_7_6_5_Trial_35_Move_0

0,1,0,4,2,4
4,0,3,3,1,0
3,2,4,3,4,2
2,1,0,2,0,2
0,3,4,1,0,3
1,4,3,1,4,3
3,0,2,0,2,0

59_Level_7_6_5_Trial_35_Move_1

0,1,2,4,2,4
4,1,3,3,1,0
3,2,4,3,4,2
2,1,0,2,0,2
0,3,4,1,0,3
1,4,3,1,4,3
3,0,2,0,2,0

59_Level_7_6_5_Trial_35_Move_2

0,0,2,4,2,4
4,1,3,3,1,0
3,2,4,3,4,2
2,2,0,2,0,2
0,3,4,1,0,3
1,4,3,1,4,3
3,0,2,0,2,0

59_Level_7_6_5_Trial_35_Move_3

0,1,2,4,2,4
0,0,2,3,1,0
4,1,3,3,4,2
3,2,4,0,0,2
0,3,4,1,0,3
1,4,3,1,4,3
3,0,2,0,2,0

59_Level_7_6_5_Trial_36_Move_0

4,0,2,0,4,3
0,2,3,4,3,0
4,3,0,1,1,2
4,1,4,2,0,0
3,0,1,4,1,2
3,2,2,3,0,0
1,4,1,3,2,3

59_Level_7_6_5_Trial_36_Move_1

0,0,2,0,4,3
0,2,3,4,3,0
1,3,0,1,1,2
2,1,4,2,0,0
3,0,1,4,1,2
3,2,2,3,0,0
1,4,1,3,2,3

59_Level_7_6_5_Trial_36_Move_2

0,1,2,2,4,3
0,2,3,4,3,0
1,3,0,1,1,2
2,1,4,2,0,0
3,0,1,4,1,2
3,2,2,3,0,0
1,4,1,3,2,3

59_Level_7_6_5_Trial_36_Move_3

0,0,1,2,4,3
0,1,3,4,3,0
1,3,0,1,1,2
2,1,4,2,0,0
3,0,1,4,1,2
3,2,2,3,0,0
1,4,1,3,2,3

59_Level_7_6_5_Trial_37_Move_0

4,0,1,4,1,3
1,2,3,0,2,1
2,4,4,1,4,3
0,4,3,2,2,4
1,2,1,4,3,0
4,0,0,4,1,2
4,1,2,3,3,4

59_Level_7_6_5_Trial_37_Move_1

4,0,1,2,1,3
1,0,1,4,2,1
2,2,3,0,1,3
0,4,3,2,2,4
1,2,1,4,3,0
4,0,0,4,1,2
4,1,2,3,3,4

59_Level_7_6_5_Trial_37_Move_2

4,0,1,2,0,3
1,0,1,4,1,2
2,2,3,0,2,3
0,4,3,2,2,4
1,2,1,4,3,0
4,0,0,4,1,2
4,1,2,3,3,4

59_Level_7_6_5_Trial_37_Move_3

4,0,1,2,0,3
1,0,1,4,1,1
2,2,3,0,2,3
0,4,3,2,0,4
1,2,1,4,3,0
4,0,0,4,1,2
4,1,2,3,3,4

59_Level_7_6_5_Trial_38_Move_0

1,2,0,1,2,2
1,2,4,0,4,3
4,0,3,0,1,4
2,4,3,3,2,2
0,0,1,4,1,0
1,2,1,0,3,3
0,2,0,2,4,3

59_Level_7_6_5_Trial_38_Move_1

1,2,1,0,2,2
1,2,4,1,4,3
4,0,3,2,1,4
2,4,3,3,2,2
0,0,1,4,1,0
1,2,1,0,3,3
0,2,0,2,4,3

59_Level_7_6_5_Trial_38_Move_2

1,2,1,0,1,2
1,2,4,0,2,2
4,0,3,1,4,3
2,4,3,3,1,4
0,0,1,4,1,0
1,2,1,0,3,3
0,2,0,2,4,3

59_Level_7_6_5_Trial_38_Move_3

1,2,1,0,0,2
1,2,4,0,1,2
4,0,3,4,2,3
2,4,3,3,1,4
0,0,1,4,2,0
1,2,1,0,3,3
0,2,0,2,4,3

59_Level_7_6_5_Trial_39_Move_0

2,2,4,2,0,3
1,3,1,3,2,0
4,2,0,0,4,2
2,3,4,3,1,4
3,0,2,0,3,0
0,2,1,1,2,0
4,4,0,1,3,1

59_Level_7_6_5_Trial_39_Move_1

0,1,2,4,0,3
1,3,1,3,2,0
4,2,0,0,4,2
2,3,4,3,1,4
3,0,2,0,3,0
0,2,1,1,2,0
4,4,0,1,3,1

59_Level_7_6_5_Trial_39_Move_2

0,1,2,4,0,3
0,3,2,3,2,0
4,2,0,0,4,2
2,3,4,3,1,4
3,0,2,0,3,0
0,2,1,1,2,0
4,4,0,1,3,1

59_Level_7_6_5_Trial_39_Move_3

0,1,0,4,0,3
0,3,1,3,2,0
4,0,2,0,4,2
2,3,4,3,1,4
3,0,2,0,3,0
0,2,1,1,2,0
4,4,0,1,3,1

59_Level_7_6_5_Trial_40_Move_0

4,1,0,3,2,1
3,4,2,4,3,1
3,0,1,0,1,3
4,4,3,0,2,4
4,2,2,3,1,3
0,3,4,1,0,4
1,2,2,0,0,3

59_Level_7_6_5_Trial_40_Move_1

4,1,0,3,2,0
3,4,2,4,3,1
3,0,1,0,3,2
4,4,3,0,2,4
4,2,2,3,1,3
0,3,4,1,0,4
1,2,2,0,0,3

59_Level_7_6_5_Trial_40_Move_2

4,1,0,2,0,0
3,4,2,4,1,1
3,0,1,0,2,2
4,4,3,0,2,4
4,2,2,3,1,3
0,3,4,1,0,4
1,2,2,0,0,3

59_Level_7_6_5_Trial_40_Move_3

4,1,2,0,1,2
3,4,2,4,1,1
3,0,1,0,2,2
4,4,3,0,2,4
4,2,2,3,1,3
0,3,4,1,0,4
1,2,2,0,0,3

59_Level_7_6_5_Trial_41_Move_0

0,4,1,0,2,3
2,3,2,3,0,2
4,3,4,1,2,4
1,2,1,3,3,0
1,4,4,0,3,2
3,4,2,1,0,2
0,1,0,2,4,4

59_Level_7_6_5_Trial_41_Move_1

0,4,1,0,0,3
2,3,2,3,1,0
4,3,4,1,2,4
1,2,1,3,3,0
1,4,4,0,3,2
3,4,2,1,0,2
0,1,0,2,4,4

59_Level_7_6_5_Trial_41_Move_2

0,4,1,0,1,2
2,3,2,3,1,3
4,3,4,1,2,4
1,2,1,3,3,0
1,4,4,0,3,2
3,4,2,1,0,2
0,1,0,2,4,4

59_Level_7_6_5_Trial_41_Move_3

0,4,1,0,0,2
2,3,2,3,1,3
4,3,4,2,2,4
1,2,1,3,3,0
1,4,4,0,3,2
3,4,2,1,0,2
0,1,0,2,4,4

59_Level_7_6_5_Trial_42_Move_0

4,0,4,1,2,2
0,0,3,0,2,3
2,2,1,3,1,4
0,4,4,2,0,0
3,1,2,2,3,1
4,4,0,0,4,1
2,3,2,4,4,2

59_Level_7_6_5_Trial_42_Move_1

0,1,2,1,2,2
4,0,4,3,2,3
2,2,1,3,1,4
0,4,4,2,0,0
3,1,2,2,3,1
4,4,0,0,4,1
2,3,2,4,4,2

59_Level_7_6_5_Trial_42_Move_2

0,1,1,0,1,2
4,0,4,3,2,3
2,2,1,3,1,4
0,4,4,2,0,0
3,1,2,2,3,1
4,4,0,0,4,1
2,3,2,4,4,2

59_Level_7_6_5_Trial_42_Move_3

0,0,1,2,0,2
4,0,4,3,2,3
2,2,1,3,1,4
0,4,4,2,0,0
3,1,2,2,3,1
4,4,0,0,4,1
2,3,2,4,4,2

59_Level_7_6_5_Trial_43_Move_0

1,0,4,1,3,2
3,2,2,0,4,2
0,3,1,4,2,1
2,2,0,3,1,4
0,1,4,3,4,0
3,1,4,1,2,1
3,0,2,1,0,2

59_Level_7_6_5_Trial_43_Move_1

1,0,4,1,3,0
3,2,2,0,4,1
0,3,1,4,1,2
2,2,0,3,1,4
0,1,4,3,4,0
3,1,4,1,2,1
3,0,2,1,0,2

59_Level_7_6_5_Trial_43_Move_2

1,0,4,1,0,0
3,2,2,0,1,4
0,3,1,4,2,2
2,2,0,3,3,4
0,1,4,3,4,0
3,1,4,1,2,1
3,0,2,1,0,2

59_Level_7_6_5_Trial_43_Move_3

1,0,4,0,1,2
3,2,2,1,1,4
0,3,1,4,2,2
2,2,0,3,3,4
0,1,4,3,4,0
3,1,4,1,2,1
3,0,2,1,0,2

59_Level_7_6_5_Trial_44_Move_0

2,3,4,1,4,1
2,1,0,3,0,4
0,4,1,4,2,0
3,0,2,3,2,3
4,1,4,0,0,3
0,1,1,3,2,1
4,2,0,4,1,4

59_Level_7_6_5_Trial_44_Move_1

2,3,4,1,0,1
2,1,0,3,1,4
0,4,1,4,2,0
3,0,2,3,4,3
4,1,4,0,0,3
0,1,1,3,0,1
4,2,0,4,1,4

59_Level_7_6_5_Trial_44_Move_2

2,3,4,0,1,2
2,1,0,3,0,4
0,4,1,4,2,0
3,0,2,3,4,3
4,1,4,0,0,3
0,1,1,3,0,1
4,2,0,4,1,4

59_Level_7_6_5_Trial_44_Move_3

2,3,0,1,2,2
2,1,4,3,1,4
0,4,1,4,2,0
3,0,2,3,4,3
4,1,4,0,0,3
0,1,1,3,0,1
4,2,0,4,1,4

59_Level_7_6_5_Trial_45_Move_0

2,1,3,4,4,0
0,2,3,3,0,2
4,4,2,4,1,1
4,1,1,0,2,4
0,3,4,0,3,2
3,3,4,1,3,0
4,1,2,1,4,1

59_Level_7_6_5_Trial_45_Move_1

0,1,2,4,4,0
2,1,3,3,0,2
0,2,3,2,1,1
4,1,1,0,2,4
0,3,4,0,3,2
3,3,4,1,3,0
4,1,2,1,4,1

59_Level_7_6_5_Trial_45_Move_2

0,0,2,4,4,0
2,1,3,3,0,2
0,2,3,2,1,1
4,2,1,0,2,4
0,3,4,0,3,2
3,3,4,1,3,0
4,1,2,1,4,1

59_Level_7_6_5_Trial_45_Move_3

0,0,2,4,4,0
1,1,3,3,0,2
0,2,3,2,1,1
4,0,1,0,2,4
0,3,4,0,3,2
3,3,4,1,3,0
4,1,2,1,4,1

59_Level_7_6_5_Trial_46_Move_0

1,3,4,1,2,0
0,0,2,3,2,3
2,0,1,3,4,1
4,1,4,0,1,1
1,2,2,0,3,0
0,3,2,1,4,1
1,4,0,1,2,2

59_Level_7_6_5_Trial_46_Move_1

1,3,4,1,2,0
0,0,2,3,2,1
2,0,1,3,4,2
4,1,4,0,1,0
1,2,2,0,3,3
0,3,2,1,4,0
1,4,0,1,2,2

59_Level_7_6_5_Trial_46_Move_2

1,3,4,1,0,0
0,0,2,3,1,1
2,0,1,3,2,4
4,1,4,0,1,0
1,2,2,0,3,3
0,3,2,1,4,0
1,4,0,1,2,2

59_Level_7_6_5_Trial_46_Move_3

1,3,4,0,1,2
0,0,2,3,0,0
2,0,1,3,2,4
4,1,4,0,1,0
1,2,2,0,3,3
0,3,2,1,4,0
1,4,0,1,2,2

59_Level_7_6_5_Trial_47_Move_0

3,1,1,2,3,1
2,1,4,0,2,4
2,3,3,4,1,2
4,4,1,0,3,4
4,3,0,2,3,4
0,1,2,2,0,0
0,0,4,1,0,3

59_Level_7_6_5_Trial_47_Move_1

3,1,1,2,3,0
2,1,4,0,2,1
2,3,3,4,1,2
4,4,1,0,3,1
4,3,0,2,3,2
0,1,2,2,0,0
0,0,4,1,0,3

59_Level_7_6_5_Trial_47_Move_2

3,1,1,2,3,0
2,1,4,0,2,1
2,3,3,4,2,2
4,4,1,0,3,0
4,3,0,2,3,2
0,1,2,2,0,0
0,0,4,1,0,3

59_Level_7_6_5_Trial_47_Move_3

3,1,1,3,0,0
2,1,4,0,1,1
2,3,3,4,2,2
4,4,1,0,3,0
4,3,0,2,3,2
0,1,2,2,0,0
0,0,4,1,0,3

59_Level_7_6_5_Trial_48_Move_0

2,0,2,2,1,1
3,3,1,4,3,4
2,3,2,0,2,0
4,1,0,4,4,1
1,2,3,3,4,2
4,2,1,2,0,0
0,4,1,4,3,0

59_Level_7_6_5_Trial_48_Move_1

0,0,1,2,1,1
3,3,1,4,3,4
2,3,2,0,2,0
4,1,0,4,4,1
1,2,3,3,4,2
4,2,1,2,0,0
0,4,1,4,3,0

59_Level_7_6_5_Trial_48_Move_2

0,0,2,0,1,2
3,3,1,4,3,4
2,3,2,0,2,0
4,1,0,4,4,1
1,2,3,3,4,2
4,2,1,2,0,0
0,4,1,4,3,0

59_Level_7_6_5_Trial_48_Move_3

0,1,2,2,1,2
3,3,1,4,3,4
2,3,2,0,2,0
4,1,0,4,4,1
1,2,3,3,4,2
4,2,1,2,0,0
0,4,1,4,3,0

59_Level_7_6_5_Trial_49_Move_0

0,1,2,0,1,2
1,0,4,4,3,1
2,1,4,4,2,0
3,0,1,2,2,4
4,2,3,0,0,1
4,3,4,1,3,3
0,1,4,4,2,3

59_Level_7_6_5_Trial_49_Move_1

0,0,2,0,1,2
0,1,4,4,3,1
2,2,4,4,2,0
3,0,1,2,2,4
4,2,3,0,0,1
4,3,4,1,3,3
0,1,4,4,2,3

59_Level_7_6_5_Trial_49_Move_2

0,1,2,2,1,2
0,1,4,4,3,1
2,2,4,4,2,0
3,0,1,2,2,4
4,2,3,0,0,1
4,3,4,1,3,3
0,1,4,4,2,3

59_Level_7_6_5_Trial_49_Move_3

0,1,0,1,2,1
0,1,4,4,3,1
2,2,4,4,2,0
3,0,1,2,2,4
4,2,3,0,0,1
4,3,4,1,3,3
0,1,4,4,2,3

59_Level_7_6_5_Trial_50_Move_0

3,2,3,1,2,3
4,0,0,4,2,0
3,3,4,4,0,2
1,0,1,0,3,3
0,3,3,2,4,2
1,4,0,1,1,4
4,2,3,1,1,0

59_Level_7_6_5_Trial_50_Move_1

3,2,3,1,0,3
4,0,0,4,1,0
3,3,4,4,2,0
1,0,1,0,3,3
0,3,3,2,4,2
1,4,0,1,1,4
4,2,3,1,1,0

59_Level_7_6_5_Trial_50_Move_2

3,2,3,1,3,0
4,0,0,4,1,1
3,3,4,4,2,2
1,0,1,0,3,3
0,3,3,2,4,2
1,4,0,1,1,4
4,2,3,1,1,0

59_Level_7_6_5_Trial_50_Move_3

3,2,3,0,1,2
4,0,0,4,3,0
3,3,4,4,2,2
1,0,1,0,3,3
0,3,3,2,4,2
1,4,0,1,1,4
4,2,3,1,1,0

59_Level_7_6_5_Trial_51_Move_0

0,2,1,3,2,4
2,0,3,1,0,0
1,4,4,2,2,3
0,0,3,3,2,1
1,4,2,4,1,3
0,3,1,4,0,2
4,2,3,1,3,1

59_Level_7_6_5_Trial_51_Move_1

0,2,1,3,0,4
2,0,3,1,1,0
1,4,4,2,2,3
0,0,3,3,0,1
1,4,2,4,1,3
0,3,1,4,0,2
4,2,3,1,3,1

59_Level_7_6_5_Trial_51_Move_2

0,2,0,1,2,4
2,0,3,3,0,0
1,4,4,2,2,3
0,0,3,3,0,1
1,4,2,4,1,3
0,3,1,4,0,2
4,2,3,1,3,1

59_Level_7_6_5_Trial_51_Move_3

0,1,2,1,2,4
2,2,3,3,0,0
1,4,4,2,2,3
0,0,3,3,0,1
1,4,2,4,1,3
0,3,1,4,0,2
4,2,3,1,3,1

59_Level_7_6_5_Trial_52_Move_0

1,0,3,2,0,4
3,4,4,2,1,4
3,1,2,3,0,0
0,2,4,3,4,1
4,1,0,0,1,2
4,2,3,1,4,0
1,0,4,3,2,3

59_Level_7_6_5_Trial_52_Move_1

1,0,3,0,0,4
3,4,4,1,1,4
3,1,3,2,0,0
0,2,4,3,4,1
4,1,0,0,1,2
4,2,3,1,4,0
1,0,4,3,2,3

59_Level_7_6_5_Trial_52_Move_2

1,3,0,1,2,4
3,4,4,1,1,4
3,1,3,2,0,0
0,2,4,3,4,1
4,1,0,0,1,2
4,2,3,1,4,0
1,0,4,3,2,3

59_Level_7_6_5_Trial_52_Move_3

0,1,0,1,2,4
1,4,4,1,1,4
2,1,3,2,0,0
0,2,4,3,4,1
4,1,0,0,1,2
4,2,3,1,4,0
1,0,4,3,2,3

59_Level_7_6_5_Trial_53_Move_0

1,2,2,4,4,2
4,3,0,3,4,0
1,2,1,3,0,1
0,4,2,0,0,2
2,1,4,1,3,2
4,3,0,3,4,0
3,3,2,0,2,0

59_Level_7_6_5_Trial_53_Move_1

1,2,2,4,0,2
4,3,0,3,1,4
1,2,1,3,2,1
0,4,2,0,4,2
2,1,4,1,3,2
4,3,0,3,4,0
3,3,2,0,2,0

59_Level_7_6_5_Trial_53_Move_2

1,2,2,4,0,0
4,3,0,3,1,1
1,2,1,3,1,2
0,4,2,0,4,2
2,1,4,1,3,4
4,3,0,3,4,0
3,3,2,0,2,0

59_Level_7_6_5_Trial_53_Move_3

1,2,2,4,0,0
4,3,0,3,1,1
1,2,1,3,2,2
0,4,2,0,0,2
2,1,4,1,1,3
4,3,0,3,1,0
3,3,2,0,2,0

59_Level_7_6_5_Trial_54_Move_0

1,3,4,4,2,2
0,2,2,0,1,4
4,1,1,3,0,2
3,2,3,4,1,2
2,0,4,0,3,3
0,0,1,2,3,4
4,3,2,2,0,4

59_Level_7_6_5_Trial_54_Move_1

1,3,4,4,2,0
0,2,2,0,1,1
4,1,1,3,0,2
3,2,3,4,1,4
2,0,4,0,3,3
0,0,1,2,3,4
4,3,2,2,0,4

59_Level_7_6_5_Trial_54_Move_2

1,3,4,4,2,0
0,2,2,0,1,1
4,1,1,3,0,2
3,2,3,4,1,0
2,0,4,0,3,1
0,0,1,2,3,2
4,3,2,2,0,3

59_Level_7_6_5_Trial_54_Move_3

1,3,4,4,0,0
0,2,2,0,1,1
4,1,1,3,2,2
3,2,3,4,2,0
2,0,4,0,1,1
0,0,1,2,0,2
4,3,2,2,1,0

59_Level_7_6_5_Trial_55_Move_0

4,0,4,1,3,1
2,3,1,0,4,0
2,3,3,2,4,1
1,4,2,3,1,3
3,4,0,4,0,2
3,3,2,1,1,4
1,0,4,4,0,0

59_Level_7_6_5_Trial_55_Move_1

4,0,1,2,3,1
2,0,4,1,4,0
2,3,1,0,4,1
1,4,2,2,1,3
3,4,0,4,0,2
3,3,2,1,1,4
1,0,4,4,0,0

59_Level_7_6_5_Trial_55_Move_2

4,0,0,2,3,1
2,0,1,4,4,0
2,3,2,0,4,1
1,4,2,2,1,3
3,4,0,4,0,2
3,3,2,1,1,4
1,0,4,4,0,0

59_Level_7_6_5_Trial_55_Move_3

4,0,0,2,3,1
2,0,1,4,4,0
2,3,2,0,4,1
1,4,0,2,1,3
3,4,1,4,0,2
3,3,0,1,1,4
1,0,4,4,0,0

59_Level_7_6_5_Trial_56_Move_0

3,0,4,1,3,1
1,4,0,2,2,3
1,3,1,0,2,4
2,0,4,3,4,3
1,3,2,3,1,1
3,1,0,4,0,1
4,4,2,1,3,3

59_Level_7_6_5_Trial_56_Move_1

3,0,4,1,3,1
0,4,0,2,2,3
1,3,1,0,2,4
2,0,4,3,4,3
2,3,2,3,1,1
3,1,0,4,0,1
4,4,2,1,3,3

59_Level_7_6_5_Trial_56_Move_2

0,1,2,1,3,1
3,4,4,2,2,3
1,3,1,0,2,4
2,0,4,3,4,3
2,3,2,3,1,1
3,1,0,4,0,1
4,4,2,1,3,3

59_Level_7_6_5_Trial_56_Move_3

0,1,0,1,2,1
3,4,4,1,3,3
1,3,1,0,2,4
2,0,4,3,4,3
2,3,2,3,1,1
3,1,0,4,0,1
4,4,2,1,3,3

59_Level_7_6_5_Trial_57_Move_0

3,4,3,1,0,2
0,1,2,0,2,4
0,1,2,3,2,0
4,3,0,3,0,1
3,2,1,2,4,2
1,0,4,2,1,2
4,0,4,1,3,3

59_Level_7_6_5_Trial_57_Move_1

3,4,3,1,0,0
0,1,2,0,1,4
0,1,2,3,2,0
4,3,0,3,0,1
3,2,1,2,4,2
1,0,4,2,1,2
4,0,4,1,3,3

59_Level_7_6_5_Trial_57_Move_2

3,4,3,0,1,2
0,1,2,1,1,4
0,1,2,3,2,0
4,3,0,3,0,1
3,2,1,2,4,2
1,0,4,2,1,2
4,0,4,1,3,3

59_Level_7_6_5_Trial_57_Move_3

3,4,0,1,2,2
0,2,3,0,1,4
0,1,2,3,2,0
4,3,0,3,0,1
3,2,1,2,4,2
1,0,4,2,1,2
4,0,4,1,3,3

59_Level_7_6_5_Trial_58_Move_0

2,3,3,0,4,4
1,3,4,2,4,1
4,0,2,0,1,3
0,4,1,4,0,1
3,2,1,3,3,2
1,4,2,0,4,2
3,1,3,2,4,1

59_Level_7_6_5_Trial_58_Move_1

2,3,3,0,4,0
1,3,4,2,4,1
4,0,2,0,3,2
0,4,1,4,0,4
3,2,1,3,3,2
1,4,2,0,4,2
3,1,3,2,4,1

59_Level_7_6_5_Trial_58_Move_2

2,3,3,0,4,0
1,3,4,2,4,1
4,0,2,0,3,2
0,4,1,4,0,0
3,2,1,3,3,1
1,4,2,0,4,4
3,1,3,2,4,1

59_Level_7_6_5_Trial_58_Move_3

2,3,3,0,1,2
1,3,4,0,4,0
4,0,2,2,4,1
0,4,1,4,3,2
3,2,1,3,3,1
1,4,2,0,4,4
3,1,3,2,4,1

